cam0=[1776.486582 0.000000 871.102520; 0.000000 1807.186922 556.699946; 0.000000 0.000000 1.000000]
cam1=[1774.760893 0.000000 989.250052; 0.000000 1807.149940 615.499878; 0.000000 0.000000 1.000000]
doffs=118.147532
baseline=0.005364282483570527
width=720
height=576
ndisp=70
